Fit Parameters for Crystal Ball Fit (Bin: p = 1.3 - 1.6 GeV/c)
------------------------------------
p0: 158311 +/- 127.273
p1: 0.99538 +/- 2.25509e-06
p2: 0.00322373 +/- 2.53049e-06
p3: 1.63799 +/- 0.00138791
p4: 2.73733 +/- 0.00494025
p5: 2 +/- 0
p6: 3 +/- 0
p7: 1000 +/- 0.47969
p8: 82.3889 +/- 5.63426
------------------------------------
NDF: 193
Chi2: 54291.5
Chi2/NDF: 281.303
EDM: 1.30279e-06
------------------------------------
