Fit Parameters for Crystal Ball Fit (Bin 4: p = 2.2 - 2.5 GeV/c)
------------------------------------
p0: 125568 +/- 178755
p1: 0.998396 +/- 0.0588163
p2: 0.0029698 +/- 0.001973
p3: 1.7303 +/- 5.71804
p4: 1.11339 +/- 11.1536
p5: 1.5583 +/- 10.1103
p6: 2.46481 +/- 26.52
p7: 13433.4 +/- 127939
p8: 0.978442 +/- 0.0536163
p9: 0.00318937 +/- 0.00258721
p10: 3.79801 +/- 11.7465
p11: 9.49461 +/- 42.6826
p12: 197.46 +/- 158349
p13: 1.00261 +/- 0.0350932
p14: 0.00628732 +/- 0.00578117
p15: 0.133114 +/- 2.83661
p16: 1.21886 +/- 4.95523
p17: 1.87534 +/- 3.29628
p18: 4.72354 +/- 11.331
------------------------------------
NDF: 69
Chi2: 2760.22
Chi2/NDF: 40.0032
EDM: 1355.28
