Fit Parameters for Crystal Ball Fit (Bin 5: p = 3.7 - 4.0 GeV/c)
------------------------------------
p0: 183860 +/- 111.384
p1: 0.986661 +/- 2.62612e-06
p2: 0.00464417 +/- 2.88347e-06
p3: 1.54458 +/- 0.000622939
p4: 2.4286 +/- 0.00196071
------------------------------------
NDF: 195
Chi2: 59587.4
Chi2/NDF: 305.576
EDM: 2.73084e-08
------------------------------------
