Fit Parameters for Crystal Ball Fit (Bin 5: p = 3.7 - 4.0 GeV/c)
------------------------------------
p0: 203919 +/- 140.995
p1: 0.992559 +/- 2.21484e-06
p2: 0.00338268 +/- 2.56704e-06
p3: 1.48978 +/- 0.000598101
p4: 2.25267 +/- 0.00170351
------------------------------------
NDF: 195
Chi2: 21319.5
Chi2/NDF: 109.331
EDM: 1.06082e-06
------------------------------------
